  0.10890000000000000          
  0.17945000000000000       
  0.25000000000000000       
  0.37500000000000000       
  0.50000000000000000       
  0.75000000000000000       
   1.0000000000000000       
   1.5000000000000000       
   2.0000000000000000       
   3.0000000000000000      
   4.0000000000000000       
   5.0000000000000000       
   6.0000000000000000       
   8.0000000000000000       
   10.000000000000000       
   15.000000000000000       
   20.000000000000000       
   30.000000000000000       
   40.000000000000000       
   50.000000000000000       
   80.000000000000000       
   100.00000000000000       
   120.00000000000000       
   150.00000000000000       
   175.00000000000000      
   210.00000000000000       
   240.00000000000000       
   270.00000000000000       
   285.00000000000000       
   300.00000000000000       
   325.00000000000000      
   375.00000000000000        
   350.00000000000000        
   400.00000000000000        